FN8OFS:	.WORD	0, 14, 30, 44, 60, 74, 110, 124
	.WORD	140, 154, 170, 204, 220, 234, 250, 264
	.WORD	300, 314, 330, 344, 360, 374, 410, 424
	.WORD	440, 454, 470, 504, 520, 534, 550, 564
	.WORD	600, 614, 630, 644, 660, 674, 710, 724
	.WORD	740, 754, 770, 1004, 1020, 1034, 1050, 1064
	.WORD	1100, 1114, 1130, 1144, 1160, 1174, 1210, 1224
	.WORD	1240, 1254, 1270, 1304, 1320, 1334, 1350, 1364


FN8OF2:	.WORD	0, 6, 14, 22, 30, 36, 44, 52
	.WORD	60, 66, 74, 102, 110, 116, 124, 132
	.WORD	140, 146, 154, 162, 170, 176, 204, 212
	.WORD	220, 226, 234, 242, 250, 256, 264, 272
	.WORD	300, 306, 314, 322, 330, 336, 344, 352
	.WORD	360, 366, 374, 402, 410, 416, 424, 432
	.WORD	440, 446, 454, 462, 470, 476, 504, 512
	.WORD	520, 526, 534, 542, 550, 556, 564, 572

FN6DAT:	.WORD	0, 0, 0, 0, 0, 0
	.WORD	14030, 14030, 14030, 14030, 0, 14030
	.WORD	24050, 0, 0, 0, 0, 0
	.WORD	0, 24050, 76174, 24050, 76174, 24050
	.WORD	10020, 76174, 12024, 76174, 50120, 76174
	.WORD	0, 63146, 30060, 14030, 146314, 0
	.WORD	0, 14030, 22044, 136274, 41102, 36074
	.WORD	10020, 0, 0, 0, 0, 0
	.WORD	30060, 14030, 14030, 14030, 14030, 30060
	.WORD	14030, 30060, 30060, 30060, 30060, 14030
	.WORD	0, 22044, 14030, 36074, 14030, 22044
	.WORD	0, 14030, 14030, 77176, 14030, 14030
	.WORD	0, 0, 0, 0, 14030, 10020
	.WORD	0, 0, 0, 36074, 0, 0
	.WORD	0, 0, 0, 0, 0, 14030
	.WORD	140300, 60140, 30060, 14030, 6014, 3006
	.WORD	77176, 41102, 41102, 141302, 141302, 177376
	.WORD	10020, 10020, 10020, 30060, 30060, 30060
	.WORD	37076, 61142, 140300, 177376, 1002, 177376
	.WORD	37076, 60140, 140300, 170360, 140300, 177376
	.WORD	70160, 54130, 46114, 43106, 177376, 40100
	.WORD	170360, 14030, 6014, 177376, 140300, 176374
	.WORD	170360, 14030, 6014, 177376, 143306, 177376
	.WORD	177376, 140300, 60140, 30060, 14030, 6014
	.WORD	17036, 31062, 41102, 177376, 101202, 177376
	.WORD	37076, 61142, 141302, 177376, 140300, 177376
	.WORD	0, 0, 14030, 0, 14030, 0
	.WORD	0, 0, 14030, 0, 10020, 4010
	.WORD	0, 30060, 14030, 6014, 14030, 30060
	.WORD	0, 0, 36074, 0, 36074, 0
	.WORD	0, 6014, 14030, 30060, 14030, 6014
	.WORD	76174, 40100, 74170, 14030, 0, 14030
	.WORD	36074, 41102, 55132, 35072, 1002, 36074
	.WORD	140300, 160340, 130260, 174370, 106214, 103206
	.WORD	77176, 43106, 77176, 103206, 103206, 177376
	.WORD	170360, 114230, 6014, 3006, 3006, 177376
	.WORD	17036, 23046, 43106, 103206, 103206, 177376
	.WORD	37076, 3006, 77176, 3006, 3006, 177376
	.WORD	177376, 3006, 37076, 3006, 3006, 3006
	.WORD	170360, 114230, 6014, 143306, 103206, 177376
	.WORD	103206, 103206, 177376, 103206, 103206, 103206
	.WORD	34070, 10020, 10020, 10020, 10020, 34070
	.WORD	176374, 20040, 20040, 20040, 10020, 7016
	.WORD	43106, 43106, 77176, 143306, 103206, 103206
	.WORD	30060, 14030, 6014, 3006, 3006, 177376
	.WORD	177376, 133266, 133266, 133266, 103206, 103206
	.WORD	17036, 23046, 43106, 103206, 103206, 103206
	.WORD	170360, 114230, 106214, 103206, 103206, 177376
	.WORD	37076, 43106, 103206, 177376, 3006, 3006
	.WORD	170360, 114230, 106214, 123246, 143306, 177376
	.WORD	177376, 103206, 43106, 37076, 43106, 103206
	.WORD	174370, 106214, 3006, 177376, 100200, 177376
	.WORD	176374, 30060, 30060, 30060, 30060, 30060
	.WORD	103206, 103206, 103206, 106214, 114230, 170360
	.WORD	103206, 103206, 143306, 63146, 33066, 17036
	.WORD	103206, 103206, 103206, 133266, 133266, 147316
	.WORD	143306, 66154, 14030, 66154, 143306, 143306
	.WORD	103206, 103206, 177376, 100200, 40100, 37076
	.WORD	177376, 61142, 30060, 14030, 106214, 177376
	.WORD	34070, 14030, 14030, 14030, 14030, 34070
	.WORD	3006, 6014, 14030, 30060, 60140, 140300
	.WORD	34070, 30060, 30060, 30060, 30060, 34070
	.WORD	10020, 34070, 52124, 10020, 10020, 10020
	.WORD	10020, 10020, 10020, 52124, 34070, 10020

FN6DA2:	.BYTE	0, 0, 0, 0, 0, 0
	.BYTE	30, 30, 30, 30, 0, 30
	.BYTE	50, 0, 0, 0, 0, 0
	.BYTE	0, 50, 174, 50, 174, 50
	.BYTE	20, 174, 24, 174, 120, 174
	.BYTE	0, 146, 60, 30, 314, 0
	.BYTE	0, 30, 44, 274, 102, 74
	.BYTE	20, 0, 0, 0, 0, 0
	.BYTE	60, 30, 30, 30, 30, 60
	.BYTE	30, 60, 60, 60, 60, 30
	.BYTE	0, 44, 30, 74, 30, 44
	.BYTE	0, 30, 30, 176, 30, 30
	.BYTE	0, 0, 0, 0, 30, 20
	.BYTE	0, 0, 0, 74, 0, 0
	.BYTE	0, 0, 0, 0, 0, 30
	.BYTE	300, 140, 60, 30, 14, 6
	.BYTE	176, 102, 102, 302, 302, 376
	.BYTE	20, 20, 20, 60, 60, 60
	.BYTE	76, 142, 300, 376, 2, 376
	.BYTE	76, 140, 300, 360, 300, 376
	.BYTE	160, 130, 114, 106, 376, 100
	.BYTE	360, 30, 14, 376, 300, 374
	.BYTE	360, 30, 14, 376, 306, 376
	.BYTE	376, 300, 140, 60, 30, 14
	.BYTE	36, 62, 102, 376, 202, 376
	.BYTE	76, 142, 302, 376, 300, 376
	.BYTE	0, 0, 30, 0, 30, 0
	.BYTE	0, 0, 30, 0, 20, 10
	.BYTE	0, 60, 30, 14, 30, 60
	.BYTE	0, 0, 74, 0, 74, 0
	.BYTE	0, 14, 30, 60, 30, 14
	.BYTE	174, 100, 170, 30, 0, 30
	.BYTE	74, 102, 132, 72, 2, 74
	.BYTE	300, 340, 260, 370, 214, 206
	.BYTE	176, 106, 176, 206, 206, 376
	.BYTE	360, 230, 14, 6, 6, 376
	.BYTE	36, 46, 106, 206, 206, 376
	.BYTE	76, 6, 176, 6, 6, 376
	.BYTE	376, 6, 76, 6, 6, 6
	.BYTE	360, 230, 14, 306, 206, 376
	.BYTE	206, 206, 376, 206, 206, 206
	.BYTE	70, 20, 20, 20, 20, 70
	.BYTE	374, 40, 40, 40, 20, 16
	.BYTE	106, 106, 176, 306, 206, 206
	.BYTE	60, 30, 14, 6, 6, 376
	.BYTE	376, 266, 266, 266, 206, 206
	.BYTE	36, 46, 106, 206, 206, 206
	.BYTE	360, 230, 214, 206, 206, 376
	.BYTE	76, 106, 206, 376, 6, 6
	.BYTE	360, 230, 214, 246, 306, 376
	.BYTE	376, 206, 106, 76, 106, 206
	.BYTE	370, 214, 6, 376, 200, 376
	.BYTE	374, 60, 60, 60, 60, 60
	.BYTE	206, 206, 206, 214, 230, 360
	.BYTE	206, 206, 306, 146, 66, 36
	.BYTE	206, 206, 206, 266, 266, 316
	.BYTE	306, 154, 30, 154, 306, 306
	.BYTE	206, 206, 376, 200, 100, 76
	.BYTE	376, 142, 60, 30, 214, 376
	.BYTE	70, 30, 30, 30, 30, 70
	.BYTE	6, 14, 30, 60, 140, 300
	.BYTE	70, 60, 60, 60, 60, 70
	.BYTE	20, 70, 124, 20, 20, 20
	.BYTE	20, 20, 20, 124, 70, 20
